7593 5411 4952 4591 6382 6559 2810 4069 10960 10151
5070 4636 10931 1377 742 8134 8179 4101 5767 5811
12443 14818 10403 4071 5070 10449 10122 4636 10931 1377
14818 12420 12443 10403 4071 5070 10449 10122 4636 10931
14818 12420 12443 10403 4071 5070 10449 10122 4636 10931
14818 12420 12443 10403 4071 5070 10449 10122 4636 10931
12443 14818 5226 12420 10403 4071 5070 10449 10122 4636
12443 5226 14818 12420 8085 8091 8130 10403 3982 4071
5214 6657 8004 9470 10306 12790 4630 9069 9163 11213


11330 2521 6657 11224 5057 13046 5214 10306 9470 11213
5214 6657 8004 9470 10306 12790 4630 9069 9163 11213
5214 6657 8004 9470 10306 12790 4630 9069 9163 11213
10306 6657 11330 12790 5057 11387 8176 7501 5214 10014
10306 8427 6657 11330 12790 5057 11387 8176 7501 5214
11330 5214 6657 10367 5057 2521 10306 8427 9470 11213
12426 10371 8193 1210 4654 7775 4717 4785 4157 7126
8448 11047 13530 11244 8137 5214 7576 2936 2942 13261
3981 8115 10784 3065 9733 11504 3019 3287 2500 110
12011 11866 11265 6914 10902 1579 2521 3034 236 11224
10674 11748 3563 11484 11637 13195 8334 1716 2948 3287
4156 10771 10689 9720 7545 8641 10766 11163 14757 8674
2513 11242 7901 10676 10784 5156 5796 10445 6421 2118
12778 9234 4071 5162 6090 8780 7356 5630 4099 8074
11882 256 2802 12754 1723 11949 5827 10258 8796 5171
6400 6156 10638 6927 13243 10014 11175 2228 11105 3394
3893 748 2251 1994 2376 3984 6538 1942 3587 8405
7408 10228 6357 11949 882 11882 6656 11970 5511 11278
5156 6928 9638 225 5765 6965 1792 6943 4045 5220
3847 4602 3855 9170 3394 3981 4005 8421 2697 7135
840 2867 2374 7286 4429 2269 11225 4490 7263 153
9110 9978 714 9892 1711 5201 8103 8184 4548 11746
3446 12208 6177 6326 4564 1306 9871 1772 4809 209
13210 6463 9088 11144 6665 6410 8204 3086 5647 6928
10593 12243 1560 6846 8991 3991 4689 9668 8069 793
2534 6086 11526 10693 13195 3020 8815 6609 12376 12185
12376 13149 6623 3906 10310 5517 5469 14483 2851 6841
10423 8615 13958 12791 12842 9849 12209 5711 10349 13265
11083 1678 5 104 5214 8137 209 10191 5412 13261
6265 1406 3065 8510 8991 6959 10593 3019 11224 11316
11224 983 7322 3563 11213 4477 372 12156 12372 3931
714 6665 12146 4401 748 1860 9112 5525 14767 10311
13157 1160 14619 4411 5481 2521 12442 715 7500 6035
3645 2737 9892 11371 2946 9110 12487 8160 8688 1
2958
9051 1118 6375 9015 7088 9479 9607 6674 6419 6149
14091 4630 45 5690 10302 10129 1184 816 10306 4810
6 10472 10546 12353 10803 11227 11232 13633 3592 4127
1299 6269 8598
6407 9352 7887 11224 12907 9764 9072 8884 6493 9182
10361 7596 9210 9277 9779 5755 7548 8224 8287 13243
10780 6406 10748 11213 7593 11231 11175 10931 9178 109
8100 7840 11177 8630 12728 9155 6086 11213 4569 7845
1777 6882 8535 6541 4026 8522 843 9617 4988 7326
11007 8943 6908 2554 7902 2197 1572 1398 11392 1535
5719 2936 2942 10214 6477 14719 3010 10216 4937 11459
12981 8711 7337 5879 8222 5177 5286 8709 3094 13080
1213 7366 4781 4735 2251 12849 5870 8441 1994 6217
12351 2449 12963 9175 7870 11753 6215 9853 10643 3798
1684 3534 3223 2979 10633 9848 7313 7662 12331 4970
8225 8088 11768 8322 1407 10261 213 11095 12887 11261
4227 1836 2383 6914 8069 2257 10780 13046 8210 4093
8252 10642 10779 11225 2374 11397 6361 10246 4625 7313
6720 4490 237 7356 8069 9036 7088 8747 4603 12372
10674 10098 3517
7253 12965 5293 3416 3330 5295 11459 2411 443 5258
13949 5214 6125 730 2777 5779 11234 2197 4781 9975
11746 5467 3991 12790 8166 6442 10246 8959 8176 12485
12426 442 440 8193 11153 5473 6062 10752 3034 1889
9912 8600 5409 6209 3571 11171 2864 6656 11007 4841
9560 9975 9549 9473 1252 3594 12460 4983 8427 10804
12521 14506 1502 12492 4536 1787 12205 7545 11192 12186
3672 6576 1520 3341 10334 7972 5542 8707 8614 7090
9914 1959 6593 1550 13046 10455 8153 6621 6657 7222
9479 1579 8096 5559 5132 5115 2521 4061 4953 2326
840 10091 3540 4277 4934 5150 6035 4297 13238 6944
5292 12426 1252 6657 3438 1535 3069 12524 9975 9560
3086 7260 7765 2168 4231 768 5473 2948 3287 11352
7545 8313
13261 11746 13950 5290 9923 10780 5176 11297 6177 9295
1836 7957 2008 7972 45 9638 5150 9410 6054 11490
45 7088 6762 8707 8778 8497 8823 9526 6402 7977
10582 6689 725 237 9450 12815 1299 8088 5852 5290
8628 8666 6588 3979 8941 5003 1789 5630 9058 1131
12890 302 4132 12372 4147 3743 925 13179 5968 11385
10334 5467 3505 3798 516 2749 2595 2390 2599 768
10258 7263 1263 3957 1832 6189 9326 12836 11124 7168
13151 13904 11468 8756 6708 10582 44 2193 829 5113
4291 10445 7876 6722 13080 11504 4951 8971 22 14476
8778 8497 6402 8823 9526 7977 9611 8932 4303 5299
8396 5985 4625 8387 8441 2410 3275 8209 6581 4507
7226
5800 11768 7534 9583 13230 960 8094 4012 5358 13231
10261 213 10377 83 12372 2709 6976 1792 3534 10455
9345 2880 2782 448 3322 3327 704 6515 309 791
10537 8714 13738 10676 10784 1809 12355 2618 13080 9022
748 2265 8091 1118 7810 12424 3394 11909 8853 5889
10674 3912 13021 7877 6603 2606 3981 478 4143 12579
1718 5473 6157 6844 1860 2428 3798 6346 3287 12917
10757 940 5471 4603 4534 10708 5207 5134 1715 8903
5291 3742 1682 10299 10306 1480 4602 8441 8943 9388
1711 6722 302 4290 1019 10091 9667 3535 10395 1193
14298 9497 11553 232 9978 5392 1579 9532 8526 889
4573 2973 3048 8472 8623 3166 4026 10192 3329 1692
10246 11083 8802 110 10901 475 2155 1078 8003 2074
9974 12517 3306 6710 9893 8941 6265 9058 5109 4988
8416 829 5879 6922 12355 6060 12340 5176 5290 3535
8623 12209 8598 7423 9155 5507 3003 6346 9182 6660
12866 3077 110 3217 362 3825 12995 9110 5888 2775
4228 12364 7918 4518 7879
6665 13130 12778 6426 5206 8074 6657 829 4026 7375
4436 12224 12254 11124 6722 14672 4364 8198 8080 13173
1252 12401 3109 3892 2390 11778 8086 884 885 5518
7792 180 2087 6209 7356 3979 6588 9667 6265 10487
10519 7959 2012 8172 10833 2257 2010 6221 14722 6898
1616 3574 3646 9436 7574 7577 11123 3862 4232 6541
4548 7927 11007 8796 4143 4893 11343 8510 5123 5281
8472 4744 10809 10689 10771 748 10642 10779 197 10334
3020 1299 1623 1069 10230 11330 7313 1369 13005 6531
4106 12281 4583 2546 2950 1808 6311 8497 1996 3153
8615 9398 4564 1306 14698 12355 12340 5706 2925 4005
4067 2073 3454 2664 10931 2552 6225 7119 9912 12533
9650 11501 11506 9583 6742 13096 13380 13382 4231 7935
724 5876 8909 3619 2474 2061 6158 4656 9784 5181
12432 3762 6531
8069 10830 6996 10641 11768 6568 1197 5145 10105 4048
2618 1889 3276 11550 9497 3192 6844 372 8069 7470
13046 5879 9674 2697 11175 4281 14340 1094 11392 12002
200 2792 6657 11437 10230 11000 8884 2618 11914 12887
6697 362 7088 4465 1682 7075 2001 2815 5172 6481
6346 7566 7895 5912 5765 4171 2231 273 4014 5189
327 2714 7819 7820 1816 3743 12753 9055 9618 10280
209 6619 5765 2618 4290 5201 13053 11914 7423 8022
8815 1616 3094 5887 105 6876 3161 9423 7545 4893
3034 11340 1153 7847 6086 10347 13046 8135 12848 11118
4404 12187 3095 5671 12333 6712 12246 7650 6653 5214
10228 9650 4569 7993 3607 7534 5712 11711 6121 11118
4490 2226 1590 5363 7469 5724 10687 9639 1616 8015
14622 3807 10519 8134 12423 9746 9305 2217 11826 4296
5171 4049 704 5183 5280 9230 3242 5352 791 3205
9763 3277 2269 5526 6656 10537 497 8553 4465 4279
2196 2136 2194 2269
12298
8998 4081 9170 6752 6060 6209 4490 1601 2257 372
11687
3491 6798 5683 12315 11070 10860 12935 12917 7499 6091
4692 11895 4687 4795 10689 10771 5278 6338 4697 5276
9543 3396 3157 9431 3154 12173 5046 12378 2583 1340
8909 6156 7135 3367 10292 11866 11914 8578 10627 8089
14540 885 5216 2956 11778 4122 9769 9792 12746 11843
7949 3708 9604 5789 8637 7804 5273 1306 11291 2979
9754
7174 5258 5586 5575 7000 5572 5571 7732 9059 2475
7831 8087 3166 8137 9208 5630
8943 3287 3474 2118 9273 1520 11358 10334 7972 5542
8618 1478 3117 1347 1477 14434 4058 4602 10049 11773
6914 9242 5888 12209 13462 3110 4081 136 489 11063
8998 4249 6276 10627 5244 273 5033 1990 5109 6209
9437 8074 9866 9170 311 730 11831 310 6557 4165
7497 13949 7110 2833 2596 6357 7260 9959 7904 2499
2118 2247 9383 8565 1682 2116 6630 3313 3869 8246
3540 12409 7066 2815 6969 6935 12917 6928 10272 12533
11575 5009 5031 2197 9279 12399 11124 1919 7326 7471
1502 9607 3599 13702 12503 3596 6928 4446 4459 10729
9032 8373 4938 2744 13019 12174 7959 8985 1960 13230
11813 13205 1322 7313 9315 4552 1808 4026
7810 7220 3072 3592 7704 2080 3619 10347 7795 6815
12191 9170 10455 5762 3951 2257 5171 14619 4411 1160
7767 983 9928 3019 3065 448 5808 921 11127 6153
5900 856 7494 10582 9515 2197 10124 6090 10 3117
2110 3062 10285 104 13649 13225 11102 2148 225 9465
11752 7742 11768 9637 10969 10994 3918 221 5058 4630
1252 11468 3901 4022 6005 11102 13162 12174 11769 13313
12585 3499 320 4681 12746 4305 8159 12786 8367 5315
8704 9760 2269 3563 9201 2107 9736 5684 5692 10746
10760 3062 4290 4173 2269 9139 4152 9974 4005 8707
11831 10780 3020 11224 2383 8055 8106 8186 8225 8416
1919 8044 3390 8563 4431 11198 10695 3491 4665 5850
11362 4233 14389 12355 5318 6471 4040 12992 1477 10442
157 7494 6531 11746 10 3117 8166 4632 4665 8637
5376 4016 10246 6846 10098 11746 3110 7279 9984 5561
2695 5376 5561 11378 4605 8151 3110 10530 8563 7099
42 5710 10344 13949 7135 8137 8692 8699 2802 9749
4290 448 10395 8130 10797 12046 8091 10627 10080 11121
227 8193 9565 10246 9769 8311 12971 14698 10867 10899
8441 8387 14587 2982 8396 6125 7470 3920 5203 7640
12546 10843
11102 2948 10361 7950 4733 5290 11587 6473 9822 7643
144 8998 11643 9907 8416 9278 7628 11175 1601 10230
11177 11213 11237 11236 11231 12797 12834 5191 2998 11203
3020 8416 3563 10238 5786 5895 3790 3910 7873 1498
2508 5392 1808 10998 5201 5827 2819 8060 5908 10446
4347 2924 247
3425 5727 7841 2097 7030 2202 6961 5123 5125 1761
1153 9625 12770 9149 9213 10689 10771 13046 12002 11416
10617 11778 885 6515 4555 7804 2228 5941 11863 6047
14491 8744 11694 3298 10373 11271 8085 4054 8091 2975
6346 11776 9903 6338 8440 2326 6961 11831 2542 7030
11711 11837 8108 13966 13908 2747 11855 3906 9076 8438
